E 17 72 93.000000 -120
E 14 55 77.000000 -120
E 1 7 19.000000 -120
E 1 81 17.000000 -120
E 10 57 49.000000 -120
E 4 21 46.000000 -120
E 8 42 44.000000 -120
E 18 89 87.000000 -120
S 1 56 58.000000 -120
E 2 89 83.000000 -120
E 17 83 53.000000 -120
S 10 33 34.000000 -120
E 6 77 70.000000 -120
E 5 26 56.000000 -120
E 9 8 68.000000 -120
S 17 55 95.000000 -120
E 15 16 39.000000 -120
S 14 53 52.000000 -120
S 18 7 30.000000 -120
S 6 49 74.000000 -120
E 20 93 8.000000 -120
E 16 49 69.000000 -120
S 16 19 95.000000 -120
E 11 46 78.000000 -120
E 5 7 38.000000 -120
E 3 30 1.000000 -120
E 17 67 2.000000 -120
E 5 12 20.000000 -120
E 11 14 9.000000 -120
E 11 39 53.000000 -120
E 5 43 37.000000 -120
S 5 40 12.000000 -120
E 1 13 25.000000 -120
E 13 70 95.000000 -120
E 16 97 53.000000 -120
E 8 72 33.000000 -120
S 17 93 91.000000 -120
S 11 95 66.000000 -120
S 17 54 31.000000 -120
S 5 42 32.000000 -120
E 6 63 77.000000 -120
E 14 97 74.000000 -120
S 20 22 26.000000 -120
E 11 36 50.000000 -120
E 10 26 54.000000 -120
S 18 52 13.000000 -120
S 16 71 24.000000 -120
E 12 49 52.000000 -120
S 16 53 10.000000 -120
E 10 15 21.000000 -120
E 18 38 34.000000 -120
E 19 64 68.000000 -120
E 19 44 66.000000 -120
E 2 10 45.000000 -120
S 4 3 50.000000 -120
S 20 35 10.000000 -120
E 16 85 43.000000 -120
E 15 83 49.000000 -120
E 18 66 30.000000 -120
E 13 19 49.000000 -120
E 9 93 2.000000 -120
S 8 52 37.000000 -120
E 6 46 9.000000 -120
S 14 98 57.000000 -120
E 14 99 37.000000 -120
S 13 37 64.000000 -120
E 3 34 81.000000 -120
E 19 35 67.000000 -120
S 6 55 64.000000 -120
E 13 24 63.000000 -120
S 1 19 7.000000 -120
S 9 43 45.000000 -120
E 12 60 62.000000 -120
E 20 13 57.000000 -120
S 19 75 35.000000 -120
S 10 51 10.000000 -120
S 14 72 59.000000 -120
E 10 65 52.000000 -120
S 20 49 10.000000 -120
E 8 23 76.000000 -120
S 9 7 78.000000 -120
E 11 86 10.000000 -120
E 1 45 4.000000 -120
E 18 22 84.000000 -120
E 10 46 47.000000 -120
E 8 74 88.000000 -120
E 20 65 89.000000 -120
E 3 98 71.000000 -120
E 14 27 4.000000 -120
S 10 81 2.000000 -120
E 2 38 15.000000 -120
E 3 13 48.000000 -120
S 8 90 68.000000 -120
E 16 23 13.000000 -120
E 20 24 83.000000 -120
E 16 36 68.000000 -120
E 15 79 9.000000 -120
E 8 68 74.000000 -120
E 10 93 75.000000 -120
E 7 87 36.000000 -120
S 2 70 26.000000 -120
S 19 6 84.000000 -120
E 5 92 56.000000 -120
S 10 57 70.000000 -120
E 16 95 23.000000 -120
E 19 97 14.000000 -120
E 16 1 22.000000 -120
E 10 99 18.000000 -120
S 18 5 39.000000 -120
E 1 8 87.000000 -120
E 14 9 73.000000 -120
S 18 86 96.000000 -120
E 6 17 93.000000 -120
E 15 11 81.000000 -120
S 6 31 83.000000 -120
E 9 80 96.000000 -120
E 5 34 17.000000 -120
E 13 56 33.000000 -120
S 4 6 89.000000 -120
E 3 36 17.000000 -120
E 4 10 87.000000 -120
E 12 67 80.000000 -120
E 10 63 88.000000 -120
S 9 85 27.000000 -120
E 20 11 59.000000 -120
E 8 99 28.000000 -120
E 15 44 43.000000 -120
S 5 81 8.000000 -120
S 8 40 57.000000 -120
E 14 96 18.000000 -120
E 10 86 29.000000 -120
S 10 7 11.000000 -120
E 9 21 63.000000 -120
E 11 90 99.000000 -120
E 6 41 95.000000 -120
S 1 54 18.000000 -120
S 13 26 20.000000 -120
S 15 25 100.000000 -120
S 3 62 52.000000 -120
E 2 66 87.000000 -120
S 16 85 61.000000 -120
E 17 7 82.000000 -120
S 20 99 69.000000 -120
E 16 41 2.000000 -120
S 10 46 98.000000 -120
S 2 97 47.000000 -120
S 18 50 55.000000 -120
E 15 93 94.000000 -120
S 10 54 14.000000 -120
S 6 76 28.000000 -120
S 16 29 17.000000 -120
E 7 14 100.000000 -120
E 15 10 9.000000 -120
E 2 55 83.000000 -120
E 20 96 89.000000 -120
S 3 95 43.000000 -120
E 10 22 10.000000 -120
E 10 78 33.000000 -120
E 9 31 76.000000 -120
E 20 36 36.000000 -120
E 10 70 24.000000 -120
S 18 15 100.000000 -120
S 16 61 68.000000 -120
E 10 1 65.000000 -120
E 4 92 90.000000 -120
E 14 17 39.000000 -120
E 12 74 5.000000 -120
S 15 80 43.000000 -120
S 3 15 75.000000 -120
E 1 26 32.000000 -120
E 11 68 12.000000 -120
E 11 53 99.000000 -120
S 9 37 48.000000 -120
S 3 5 65.000000 -120
E 4 59 24.000000 -120
E 13 98 83.000000 -120
E 15 66 72.000000 -120
S 16 76 39.000000 -120
E 15 50 53.000000 -120
S 14 3 41.000000 -120
S 11 89 93.000000 -120
E 5 58 14.000000 -120
E 7 92 45.000000 -120
E 17 69 25.000000 -120
E 4 63 39.000000 -120
S 4 43 47.000000 -120
E 17 40 90.000000 -120
E 20 82 92.000000 -120
S 11 57 3.000000 -120
E 5 13 99.000000 -120
E 4 95 96.000000 -120
E 3 20 33.000000 -120
S 14 23 48.000000 -120
E 17 46 65.000000 -120
E 5 54 99.000000 -120
S 7 42 39.000000 -120
S 10 42 36.000000 -120
E 14 86 81.000000 -120
E 20 28 69.000000 -120
E 7 53 52.000000 -120
S 15 99 80.000000 -120
E 17 96 55.000000 -120
E 1 6 49.000000 -120
S 7 87 17.000000 -120
E 20 4 95.000000 -120
E 9 27 94.000000 -120
S 15 62 62.000000 -120
E 7 14 85.000000 -120
E 4 16 36.000000 -120
S 12 90 45.000000 -120
S 15 93 51.000000 -120
S 11 67 42.000000 -120
E 2 88 95.000000 -120
S 14 40 30.000000 -120
S 14 91 21.000000 -120
S 12 47 83.000000 -120
E 17 27 47.000000 -120
E 19 49 76.000000 -120
S 16 17 12.000000 -120
E 16 58 99.000000 -120
E 10 61 70.000000 -120
S 9 33 49.000000 -120
E 20 31 75.000000 -120
S 2 26 29.000000 -120
E 14 92 77.000000 -120
S 10 27 23.000000 -120
E 6 11 49.000000 -120
S 4 18 53.000000 -120
S 10 53 84.000000 -120
E 3 11 48.000000 -120
S 3 50 20.000000 -120
S 12 73 21.000000 -120
E 19 43 39.000000 -120
E 6 87 32.000000 -120
E 16 36 72.000000 -120
E 8 56 38.000000 -120
S 6 33 8.000000 -120
S 4 3 32.000000 -120
E 7 52 67.000000 -120
S 7 5 82.000000 -120
S 11 65 32.000000 -120
S 20 3 3.000000 -120
E 10 92 60.000000 -120
E 8 73 79.000000 -120
S 17 38 77.000000 -120
E 20 8 15.000000 -120
E 12 34 96.000000 -120
E 13 40 78.000000 -120
S 14 32 82.000000 -120
E 14 60 20.000000 -120
E 16 29 7.000000 -120
E 2 2 76.000000 -120
E 10 36 31.000000 -120
S 7 61 17.000000 -120
S 12 50 27.000000 -120
E 10 9 21.000000 -120
E 20 40 77.000000 -120
E 7 90 9.000000 -120
E 8 87 82.000000 -120
E 14 64 22.000000 -120
S 4 90 72.000000 -120
S 19 98 34.000000 -120
S 13 15 98.000000 -120
E 4 6 73.000000 -120
E 11 85 39.000000 -120
S 1 19 39.000000 -120
E 16 72 18.000000 -120
S 5 56 3.000000 -120
E 10 100 48.000000 -120
S 17 72 99.000000 -120
S 3 2 66.000000 -120
E 19 4 69.000000 -120
E 15 16 10.000000 -120
E 14 1 5.000000 -120
E 12 74 26.000000 -120
E 10 80 17.000000 -120
E 19 16 76.000000 -120
E 7 26 14.000000 -120
S 20 79 18.000000 -120
S 14 86 56.000000 -120
S 13 65 66.000000 -120
S 17 70 87.000000 -120
E 16 12 89.000000 -120
E 12 57 27.000000 -120
S 5 55 9.000000 -120
E 20 22 4.000000 -120
E 13 22 28.000000 -120
S 19 83 38.000000 -120
S 20 55 49.000000 -120
S 17 35 56.000000 -120
S 19 44 48.000000 -120
S 13 26 63.000000 -120
E 20 71 39.000000 -120
E 16 50 34.000000 -120
S 12 23 89.000000 -120
E 18 38 47.000000 -120
S 4 2 25.000000 -120
S 18 24 11.000000 -120
S 9 26 78.000000 -120
E 8 16 92.000000 -120
S 10 13 40.000000 -120
E 2 74 55.000000 -120
S 8 43 76.000000 -120
E 12 74 78.000000 -120
S 8 54 77.000000 -120
E 9 40 26.000000 -120
S 5 55 58.000000 -120
S 10 1 56.000000 -120
E 20 62 24.000000 -120
S 17 51 92.000000 -120
S 7 72 80.000000 -120
S 11 57 85.000000 -120
E 11 94 90.000000 -120
S 14 45 63.000000 -120
S 12 23 36.000000 -120
E 4 11 78.000000 -120
S 2 22 80.000000 -120
E 5 20 76.000000 -120
E 8 12 33.000000 -120
S 11 84 8.000000 -120
S 6 95 25.000000 -120
E 6 2 33.000000 -120
E 15 12 56.000000 -120
E 5 96 90.000000 -120
S 7 65 36.000000 -120
S 9 21 83.000000 -120
E 15 3 83.000000 -120
E 18 42 79.000000 -120
E 8 3 36.000000 -120
E 16 68 63.000000 -120
E 19 18 99.000000 -120
E 5 88 44.000000 -120
E 5 32 76.000000 -120
E 12 58 17.000000 -120
S 13 99 14.000000 -120
S 12 92 45.000000 -120
S 7 39 84.000000 -120
E 8 82 43.000000 -120
E 10 39 55.000000 -120
S 10 31 58.000000 -120
E 20 74 22.000000 -120
S 5 35 2.000000 -120
S 17 23 77.000000 -120
E 13 60 3.000000 -120
S 14 45 44.000000 -120
E 3 51 40.000000 -120
S 2 49 24.000000 -120
S 4 77 14.000000 -120
S 14 12 37.000000 -120
S 14 66 76.000000 -120
S 14 13 84.000000 -120
E 3 23 12.000000 -120
E 11 40 67.000000 -120
E 8 42 42.000000 -120
E 10 7 36.000000 -120
E 11 25 96.000000 -120
S 10 23 2.000000 -120
S 12 71 36.000000 -120
E 3 71 85.000000 -120
S 20 58 12.000000 -120
E 19 6 2.000000 -120
S 4 89 14.000000 -120
S 13 61 90.000000 -120
S 3 91 20.000000 -120
S 13 7 15.000000 -120
E 17 51 92.000000 -120
S 10 22 11.000000 -120
S 10 77 59.000000 -120
E 17 48 28.000000 -120
S 10 47 57.000000 -120
S 5 71 97.000000 -120
S 2 88 7.000000 -120
S 3 48 62.000000 -120
S 15 69 87.000000 -120
S 5 46 90.000000 -120
S 5 18 53.000000 -120
E 16 61 36.000000 -120
E 4 84 6.000000 -120
E 4 12 80.000000 -120
S 16 68 44.000000 -120
S 5 33 65.000000 -120
E 2 69 43.000000 -120
S 2 31 90.000000 -120
E 14 95 21.000000 -120
E 18 52 35.000000 -120
E 5 95 88.000000 -120
S 14 17 98.000000 -120
E 4 41 32.000000 -120
S 5 49 8.000000 -120
E 17 51 96.000000 -120
S 13 37 14.000000 -120
S 11 86 87.000000 -120
S 18 21 13.000000 -120
S 16 48 80.000000 -120
E 20 12 50.000000 -120
E 20 58 43.000000 -120
S 8 38 26.000000 -120
S 14 91 89.000000 -120
S 17 75 47.000000 -120
S 7 11 95.000000 -120
S 11 45 93.000000 -120
S 8 30 48.000000 -120
E 7 42 26.000000 -120
S 11 3 37.000000 -120
S 12 10 83.000000 -120
E 20 77 64.000000 -120
S 13 8 60.000000 -120
E 12 92 49.000000 -120
E 1 48 17.000000 -120
S 10 43 5.000000 -120
S 5 42 76.000000 -120
S 19 38 59.000000 -120
E 9 35 52.000000 -120
E 6 13 34.000000 -120
E 15 38 14.000000 -120
E 19 52 23.000000 -120
E 12 94 47.000000 -120
E 1 51 6.000000 -120
E 13 63 100.000000 -120
E 1 96 93.000000 -120
S 1 78 72.000000 -120
E 15 37 70.000000 -120
S 18 11 98.000000 -120
S 2 72 36.000000 -120
E 18 35 69.000000 -120
E 17 75 15.000000 -120
E 3 59 86.000000 -120
E 16 9 1.000000 -120
E 5 71 52.000000 -120
S 1 1 81.000000 -120
S 13 69 50.000000 -120
S 3 19 91.000000 -120
E 12 14 35.000000 -120
S 20 2 40.000000 -120
S 20 25 96.000000 -120
S 5 97 2.000000 -120
S 7 5 55.000000 -120
E 5 88 44.000000 -120
E 16 93 70.000000 -120
E 5 30 34.000000 -120
E 3 74 78.000000 -120
E 10 74 42.000000 -120
E 2 95 68.000000 -120
S 11 22 90.000000 -120
E 1 33 84.000000 -120
S 17 5 77.000000 -120
S 5 72 94.000000 -120
E 14 79 5.000000 -120
S 4 35 30.000000 -120
S 8 23 92.000000 -120
E 9 59 72.000000 -120
E 12 61 74.000000 -120
E 5 9 12.000000 -120
E 13 89 12.000000 -120
E 12 57 70.000000 -120
E 16 26 53.000000 -120
E 20 34 96.000000 -120
E 17 39 99.000000 -120
E 9 70 96.000000 -120
E 2 21 77.000000 -120
S 9 88 99.000000 -120
E 8 10 22.000000 -120
S 7 43 56.000000 -120
S 8 60 44.000000 -120
S 10 45 26.000000 -120
E 6 73 11.000000 -120
S 13 87 25.000000 -120
E 6 75 66.000000 -120
S 5 39 45.000000 -120
E 1 100 8.000000 -120
S 20 51 27.000000 -120
E 2 73 54.000000 -120
S 9 31 2.000000 -120
S 4 64 33.000000 -120
S 10 10 21.000000 -120
E 4 86 80.000000 -120
S 16 24 74.000000 -120
S 16 81 7.000000 -120
E 12 34 91.000000 -120
E 6 96 48.000000 -120
S 6 1 59.000000 -120
E 4 44 29.000000 -120
E 13 1 92.000000 -120
S 6 23 60.000000 -120
E 7 33 20.000000 -120
S 14 26 60.000000 -120
E 19 50 73.000000 -120
S 17 73 89.000000 -120
E 3 35 53.000000 -120
E 15 44 86.000000 -120
S 7 45 84.000000 -120
E 18 55 90.000000 -120
E 20 49 39.000000 -120
E 10 63 6.000000 -120
S 15 47 19.000000 -120
S 18 25 96.000000 -120
E 4 75 68.000000 -120
S 20 51 78.000000 -120
E 17 67 91.000000 -120
E 7 29 79.000000 -120
S 3 36 13.000000 -120
E 8 32 74.000000 -120
S 18 82 87.000000 -120
E 5 16 5.000000 -120
E 2 95 81.000000 -120
S 15 59 15.000000 -120
E 7 27 94.000000 -120
S 10 82 63.000000 -120
E 13 36 38.000000 -120
S 19 52 21.000000 -120
S 6 60 44.000000 -120
E 14 43 56.000000 -120
E 17 82 31.000000 -120
S 3 45 26.000000 -120
S 20 16 23.000000 -120
S 14 12 73.000000 -120
E 11 87 37.000000 -120
S 9 44 75.000000 -120
E 14 11 84.000000 -120
E 4 66 72.000000 -120
S 10 50 85.000000 -120
E 5 59 71.000000 -120
E 14 39 35.000000 -120
E 11 59 39.000000 -120
E 5 27 17.000000 -120
E 11 91 10.000000 -120
S 18 22 54.000000 -120
E 3 90 59.000000 -120
E 9 29 69.000000 -120
S 8 55 12.000000 -120
S 6 51 30.000000 -120
S 9 46 87.000000 -120
E 17 48 35.000000 -120
E 20 36 37.000000 -120
E 9 42 67.000000 -120
E 3 25 69.000000 -120
E 6 38 36.000000 -120
E 4 100 94.000000 -120
E 2 23 23.000000 -120
S 1 9 29.000000 -120
E 16 15 49.000000 -120
E 10 37 47.000000 -120
E 18 65 41.000000 -120
E 1 10 43.000000 -120
S 19 31 22.000000 -120
S 10 15 55.000000 -120
E 10 77 12.000000 -120
S 5 40 70.000000 -120
S 6 18 90.000000 -120
S 12 58 44.000000 -120
S 19 39 90.000000 -120
E 9 11 11.000000 -120
S 18 65 80.000000 -120
E 1 91 28.000000 -120
E 3 97 20.000000 -120
S 6 61 47.000000 -120
S 8 16 56.000000 -120
E 6 99 42.000000 -120
S 9 31 13.000000 -120
E 2 75 6.000000 -120
E 11 37 37.000000 -120
E 20 16 11.000000 -120
S 4 82 53.000000 -120
E 2 52 1.000000 -120
E 19 56 91.000000 -120
S 6 32 88.000000 -120
E 3 52 3.000000 -120
S 9 14 2.000000 -120
S 9 12 45.000000 -120
S 1 72 26.000000 -120
E 19 16 15.000000 -120
E 7 54 31.000000 -120
E 5 85 68.000000 -120
S 5 93 1.000000 -120
S 18 2 25.000000 -120
S 5 70 29.000000 -120
E 19 1 94.000000 -120
E 12 19 41.000000 -120
E 14 55 87.000000 -120
S 8 69 45.000000 -120
S 13 12 97.000000 -120
S 17 97 95.000000 -120
S 10 71 52.000000 -120
S 12 80 22.000000 -120
S 20 15 32.000000 -120
S 13 25 54.000000 -120
E 20 46 2.000000 -120
S 17 99 13.000000 -120
E 7 7 79.000000 -120
E 10 30 62.000000 -120
E 9 36 35.000000 -120
E 10 18 92.000000 -120
E 2 97 4.000000 -120
E 8 5 11.000000 -120
E 10 64 10.000000 -120
E 14 23 71.000000 -120
E 1 1 61.000000 -120
S 10 22 83.000000 -120
E 17 69 31.000000 -120
E 6 74 93.000000 -120
S 10 48 52.000000 -120
E 13 14 55.000000 -120
S 17 64 60.000000 -120
E 6 83 55.000000 -120
E 15 15 28.000000 -120
E 8 10 7.000000 -120
E 18 89 55.000000 -120
S 2 99 43.000000 -120
E 6 46 39.000000 -120
S 19 45 4.000000 -120
E 8 63 29.000000 -120
S 17 35 12.000000 -120
S 1 39 48.000000 -120
E 1 6 37.000000 -120
S 14 91 45.000000 -120
E 1 39 89.000000 -120
S 4 79 40.000000 -120
S 3 43 81.000000 -120
S 17 61 75.000000 -120
S 16 86 37.000000 -120
S 17 36 36.000000 -120
E 1 72 58.000000 -120
S 14 3 92.000000 -120
E 10 35 22.000000 -120
E 3 40 86.000000 -120
E 9 93 29.000000 -120
E 4 39 86.000000 -120
S 1 29 35.000000 -120
E 20 30 13.000000 -120
E 4 35 4.000000 -120
S 8 69 73.000000 -120
S 8 10 11.000000 -120
S 16 68 37.000000 -120
S 20 17 45.000000 -120
E 15 82 4.000000 -120
E 3 39 32.000000 -120
S 8 96 95.000000 -120
S 10 50 23.000000 -120
S 18 95 71.000000 -120
E 17 34 13.000000 -120
S 13 1 87.000000 -120
E 12 5 100.000000 -120
E 1 46 82.000000 -120
S 16 5 51.000000 -120
E 11 22 42.000000 -120
E 7 54 50.000000 -120
E 14 37 22.000000 -120
E 12 19 61.000000 -120
E 3 13 34.000000 -120
E 18 67 5.000000 -120
E 11 7 18.000000 -120
S 20 59 80.000000 -120
S 12 30 44.000000 -120
E 18 17 38.000000 -120
S 8 35 71.000000 -120
E 13 31 14.000000 -120
E 15 99 2.000000 -120
E 17 58 5.000000 -120
S 4 74 13.000000 -120
S 12 44 29.000000 -120
E 13 25 11.000000 -120
S 1 49 78.000000 -120
S 15 48 99.000000 -120
E 10 64 65.000000 -120
E 14 66 29.000000 -120
S 3 85 21.000000 -120
E 19 33 82.000000 -120
S 17 62 37.000000 -120
E 18 47 43.000000 -120
E 7 72 50.000000 -120
E 11 100 19.000000 -120
S 15 36 76.000000 -120
S 1 56 10.000000 -120
S 1 30 66.000000 -120
E 15 99 40.000000 -120
E 20 76 91.000000 -120
S 15 85 80.000000 -120
E 16 81 54.000000 -120
S 1 24 78.000000 -120
E 19 5 75.000000 -120
S 1 84 39.000000 -120
E 5 4 51.000000 -120
E 14 42 21.000000 -120
E 10 12 14.000000 -120
S 8 45 16.000000 -120
S 6 21 81.000000 -120
S 17 10 52.000000 -120
E 15 26 18.000000 -120
E 1 8 31.000000 -120
S 3 33 56.000000 -120
S 14 77 81.000000 -120
E 20 46 38.000000 -120
E 11 54 42.000000 -120
S 14 75 73.000000 -120
S 4 76 29.000000 -120
S 2 46 28.000000 -120
S 6 58 39.000000 -120
S 10 47 36.000000 -120
S 3 68 58.000000 -120
S 13 48 100.000000 -120
E 1 94 70.000000 -120
E 10 76 53.000000 -120
E 13 32 36.000000 -120
S 10 27 98.000000 -120
E 13 33 46.000000 -120
E 12 56 8.000000 -120
S 3 59 19.000000 -120
E 12 40 32.000000 -120
E 14 79 74.000000 -120
E 6 78 29.000000 -120
E 9 16 8.000000 -120
S 2 57 33.000000 -120
S 1 30 60.000000 -120
S 17 19 56.000000 -120
E 10 74 45.000000 -120
E 13 77 4.000000 -120
S 7 29 4.000000 -120
E 18 84 43.000000 -120
S 20 50 20.000000 -120
E 19 52 7.000000 -120
E 1 66 91.000000 -120
S 11 5 50.000000 -120
E 13 53 85.000000 -120
E 13 40 3.000000 -120
S 4 45 60.000000 -120
E 7 79 15.000000 -120
E 10 73 3.000000 -120
S 11 45 31.000000 -120
E 2 91 44.000000 -120
S 15 93 99.000000 -120
E 18 83 17.000000 -120
S 14 20 72.000000 -120
E 16 31 23.000000 -120
S 1 38 70.000000 -120
S 2 25 3.000000 -120
S 9 34 78.000000 -120
E 16 73 74.000000 -120
S 18 24 48.000000 -120
E 6 16 96.000000 -120
S 7 19 80.000000 -120
E 9 3 68.000000 -120
E 12 38 50.000000 -120
E 2 5 5.000000 -120
S 10 34 92.000000 -120
E 7 18 86.000000 -120
S 1 85 90.000000 -120
E 20 85 30.000000 -120
E 4 9 41.000000 -120
S 11 60 65.000000 -120
S 2 11 40.000000 -120
E 4 83 75.000000 -120
S 20 12 77.000000 -120
E 16 18 39.000000 -120
S 15 68 34.000000 -120
S 8 26 13.000000 -120
E 5 29 92.000000 -120
S 7 98 43.000000 -120
S 20 82 79.000000 -120
S 5 5 57.000000 -120
S 3 94 59.000000 -120
E 13 44 66.000000 -120
E 1 31 31.000000 -120
S 19 74 91.000000 -120
E 4 33 25.000000 -120
E 7 55 38.000000 -120
E 19 47 98.000000 -120
E 12 54 91.000000 -120
S 19 1 43.000000 -120
E 10 86 22.000000 -120
E 11 64 57.000000 -120
E 15 58 97.000000 -120
S 4 94 72.000000 -120
E 19 62 21.000000 -120
S 3 15 13.000000 -120
E 14 68 75.000000 -120
E 12 72 1.000000 -120
S 5 21 22.000000 -120
E 18 18 84.000000 -120
S 4 8 68.000000 -120
S 9 40 11.000000 -120
E 14 23 41.000000 -120
S 2 68 95.000000 -120
S 16 62 13.000000 -120
E 13 65 35.000000 -120
E 5 8 28.000000 -120
S 18 11 95.000000 -120
E 18 63 54.000000 -120
E 14 17 73.000000 -120
S 11 66 39.000000 -120
E 13 85 78.000000 -120
S 6 42 74.000000 -120
S 6 60 19.000000 -120
E 8 98 89.000000 -120
S 12 94 68.000000 -120
S 10 40 77.000000 -120
E 5 67 85.000000 -120
E 11 14 36.000000 -120
S 16 10 77.000000 -120
E 9 95 3.000000 -120
S 12 6 36.000000 -120
S 15 24 29.000000 -120
E 18 96 36.000000 -120
E 15 64 31.000000 -120
S 10 15 80.000000 -120
S 9 16 27.000000 -120
S 5 55 96.000000 -120
E 10 98 85.000000 -120
E 15 20 92.000000 -120
S 4 72 80.000000 -120
E 7 67 91.000000 -120
S 10 74 45.000000 -120
E 8 24 90.000000 -120
S 19 16 51.000000 -120
E 10 47 60.000000 -120
E 16 44 64.000000 -120
E 3 7 12.000000 -120
S 19 91 22.000000 -120
E 17 65 98.000000 -120
S 18 94 96.000000 -120
E 18 85 93.000000 -120
S 20 43 23.000000 -120
E 1 34 44.000000 -120
E 17 59 39.000000 -120
E 5 50 1.000000 -120
E 20 22 92.000000 -120
S 6 89 33.000000 -120
E 15 28 100.000000 -120
S 4 92 11.000000 -120
E 6 33 35.000000 -120
E 6 30 67.000000 -120
S 8 5 37.000000 -120
E 6 37 99.000000 -120
E 10 90 92.000000 -120
S 11 76 22.000000 -120
E 15 73 68.000000 -120
S 16 78 32.000000 -120
S 11 18 32.000000 -120
S 20 98 22.000000 -120
E 14 10 91.000000 -120
E 18 90 55.000000 -120
E 11 98 6.000000 -120
E 13 80 25.000000 -120
E 12 44 96.000000 -120
S 2 79 73.000000 -120
S 8 4 11.000000 -120
E 13 32 86.000000 -120
S 1 28 16.000000 -120
S 9 22 97.000000 -120
S 19 54 12.000000 -120
E 5 37 69.000000 -120
E 20 16 8.000000 -120
E 6 80 36.000000 -120
E 15 47 44.000000 -120
E 10 29 44.000000 -120
E 8 11 12.000000 -120
E 12 60 28.000000 -120
S 14 39 92.000000 -120
S 7 12 38.000000 -120
E 7 45 11.000000 -120
S 16 47 68.000000 -120
S 13 11 48.000000 -120
S 11 91 44.000000 -120
E 13 56 27.000000 -120
S 15 54 85.000000 -120
S 12 28 30.000000 -120
E 19 67 77.000000 -120
E 4 87 92.000000 -120
E 5 60 1.000000 -120
E 2 48 99.000000 -120
E 11 94 63.000000 -120
E 9 89 79.000000 -120
S 2 15 95.000000 -120
E 3 76 55.000000 -120
E 15 31 50.000000 -120
S 10 41 48.000000 -120
S 12 48 83.000000 -120
S 8 81 38.000000 -120
S 6 100 80.000000 -120
E 8 10 42.000000 -120
E 17 88 65.000000 -120
E 4 20 3.000000 -120
S 2 4 67.000000 -120
E 17 66 77.000000 -120
S 6 11 73.000000 -120
E 3 10 50.000000 -120
S 9 81 94.000000 -120
S 3 35 28.000000 -120
S 10 671 15.610000 1721266836
S 10 1 15.610000 1721266844
S 17 60 97.990000 1721313458
S 17 1 97.990000 1721313592
E 17 1 97.990000 1721313608
S 17 1 97.990000 1721313612
S 17 7 97.990000 1721313642
E 17 8 97.990000 1721313852
S 17 10 97.990000 1721313911
E 5 5 97.900000 1721320711
E 5 6 97.900000 1721320721
E 1 8 12.140000 1721320760
E 1 5 12.140000 1721320942
E 1 5 12.140000 1721321198
S 1 8 12.140000 1721321206
